channel,status,latitude,longitude,elevation
550,good,[37.64000428],[-118.91576241],
551,good,[37.63996656],[-118.91565691],
552,good,[37.63992884],[-118.91555141],
553,good,[37.63989112],[-118.91544591],
554,good,[37.63985339],[-118.91534041],
555,good,[37.6398157],[-118.91523489],
556,good,[37.6397819],[-118.91512799],
557,good,[37.6397481],[-118.91502109],
558,good,[37.63971046],[-118.91491631],
559,good,[37.63966978],[-118.91481321],
560,good,[37.63962909],[-118.91471011],
566,good,[37.63959053],[-118.91460529],
567,good,[37.63955281],[-118.91449979],
568,good,[37.63951509],[-118.91439429],
569,good,[37.63947736],[-118.91428879],
570,good,[37.63943964],[-118.91418329],
571,good,[37.63940191],[-118.91407779],
572,good,[37.63936419],[-118.91397229],
573,good,[37.63932646],[-118.91386679],
574,good,[37.63930616],[-118.91375744],
575,good,[37.63929064],[-118.91364703],
576,good,[37.63927513],[-118.91353661],
577,good,[37.63924658],[-118.91343137],
578,good,[37.63920744],[-118.91333031],
579,good,[37.63916231],[-118.91323408],
580,good,[37.63911449],[-118.91314002],
581,good,[37.63906667],[-118.91304595],
582,good,[37.63901885],[-118.91295189],
583,good,[37.63898259],[-118.91284703],
584,good,[37.63894972],[-118.912739],
585,good,[37.6389169],[-118.91263095],
586,good,[37.63888556],[-118.91252219],
587,good,[37.63885422],[-118.91241344],
588,good,[37.63882345],[-118.91230445],
589,good,[37.63879511],[-118.91219442],
590,good,[37.63876677],[-118.91208439],
591,good,[37.6387389],[-118.91197417],
592,good,[37.63871245],[-118.9118634],
593,good,[37.63868599],[-118.91175263],
594,good,[37.63866026],[-118.91164159],
595,good,[37.63863555],[-118.91153017],
596,good,[37.63861084],[-118.91141875],
597,good,[37.63858741],[-118.9113069],
598,good,[37.63856541],[-118.91119459],
599,good,[37.63854341],[-118.91108227],
600,good,[37.63852267],[-118.91096959],
601,good,[37.63850239],[-118.91085678],
602,good,[37.63848212],[-118.91074396],
603,good,[37.63846831],[-118.91063039],
604,good,[37.63845622],[-118.91051662],
605,good,[37.63844412],[-118.91040285],
606,good,[37.6384334],[-118.91028884],
607,good,[37.63842508],[-118.91017441],
608,good,[37.63841595],[-118.91006003],
609,good,[37.63840027],[-118.90994605],
610,good,[37.63838458],[-118.90983208],
611,good,[37.63836908],[-118.90971806],
612,good,[37.63835408],[-118.90960394],
613,good,[37.63833908],[-118.90948981],
614,good,[37.63832408],[-118.90937569],
615,good,[37.63830908],[-118.90926156],
616,good,[37.63829408],[-118.90914744],
617,good,[37.63827908],[-118.90903331],
618,good,[37.63826409],[-118.90891919],
619,good,[37.63824909],[-118.90880506],
620,good,[37.63822691],[-118.90869356],
621,good,[37.63820088],[-118.90858346],
622,good,[37.63817485],[-118.90847336],
623,good,[37.63815648],[-118.90836014],
624,good,[37.63813888],[-118.90824661],
625,good,[37.63812129],[-118.90813308],
626,good,[37.63810567],[-118.9080191],
627,good,[37.63809034],[-118.90790506],
628,good,[37.63807502],[-118.90779101],
629,good,[37.63806027],[-118.90767683],
630,good,[37.63804557],[-118.90756265],
631,good,[37.63803087],[-118.90744846],
632,good,[37.63801616],[-118.90733428],
633,good,[37.63800146],[-118.90722009],
634,good,[37.63798676],[-118.90710591],
635,good,[37.63797206],[-118.90699172],
636,good,[37.63795736],[-118.90687754],
637,good,[37.63794265],[-118.90676335],
638,good,[37.63792795],[-118.90664917],
639,good,[37.63791325],[-118.90653498],
640,good,[37.63789855],[-118.9064208],
641,good,[37.63788385],[-118.90630661],
642,good,[37.63786914],[-118.90619243],
643,good,[37.63785444],[-118.90607824],
644,good,[37.63783974],[-118.90596406],
645,good,[37.63782504],[-118.90584987],
646,good,[37.63781033],[-118.90573569],
647,good,[37.63779563],[-118.9056215],
648,good,[37.63778093],[-118.90550732],
649,good,[37.63776623],[-118.90539313],
650,good,[37.63775153],[-118.90527895],
651,good,[37.63773682],[-118.90516476],
652,good,[37.63772212],[-118.90505058],
653,good,[37.63770742],[-118.90493639],
654,good,[37.63769272],[-118.90482221],
655,good,[37.63767802],[-118.90470802],
656,good,[37.63766331],[-118.90459384],
657,good,[37.63764851],[-118.90447967],
658,good,[37.63763364],[-118.90436552],
659,good,[37.63761877],[-118.90425137],
660,good,[37.63760381],[-118.90413724],
661,good,[37.63758882],[-118.90402311],
662,good,[37.63757383],[-118.90390899],
663,good,[37.63755884],[-118.90379486],
664,good,[37.63754386],[-118.90368074],
665,good,[37.63752894],[-118.9035666],
666,good,[37.63751411],[-118.90345244],
667,good,[37.63749929],[-118.90333828],
668,good,[37.63748451],[-118.90322411],
669,good,[37.63746977],[-118.90310993],
670,good,[37.63745503],[-118.90299575],
671,good,[37.63744029],[-118.90288158],
672,good,[37.63742555],[-118.9027674],
673,good,[37.63741081],[-118.90265322],
674,good,[37.63739598],[-118.90253907],
675,good,[37.63738115],[-118.90242491],
676,good,[37.63736632],[-118.90231075],
677,good,[37.63735148],[-118.90219659],
678,good,[37.63733664],[-118.90208244],
679,good,[37.63732181],[-118.90196828],
680,good,[37.63730697],[-118.90185413],
681,good,[37.63729213],[-118.90173997],
682,good,[37.63727729],[-118.90162581],
683,good,[37.63726245],[-118.90151166],
684,good,[37.63724761],[-118.9013975],
685,good,[37.63723277],[-118.90128334],
686,good,[37.63721793],[-118.90116919],
687,good,[37.63720309],[-118.90105503],
688,good,[37.63718825],[-118.90094088],
689,good,[37.63717341],[-118.90082672],
690,good,[37.63715857],[-118.90071256],
691,good,[37.63714374],[-118.90059841],
692,good,[37.6371289],[-118.90048425],
693,good,[37.63711406],[-118.9003701],
694,good,[37.63709922],[-118.90025594],
695,good,[37.63708438],[-118.90014178],
696,good,[37.63706954],[-118.90002763],
697,good,[37.63705469],[-118.89991347],
698,good,[37.63703985],[-118.89979932],
699,good,[37.637025],[-118.89968517],
700,good,[37.63701013],[-118.89957102],
701,good,[37.63699526],[-118.89945687],
702,good,[37.63698039],[-118.89934272],
703,good,[37.63696553],[-118.89922857],
704,good,[37.63695066],[-118.89911442],
705,good,[37.63693579],[-118.89900027],
706,good,[37.63692093],[-118.89888612],
707,good,[37.63690606],[-118.89877197],
708,good,[37.63689119],[-118.89865782],
709,good,[37.63687633],[-118.89854367],
710,good,[37.63686146],[-118.89842952],
711,good,[37.6368466],[-118.89831536],
712,good,[37.63683173],[-118.89820121],
713,good,[37.63681691],[-118.89808705],
714,good,[37.63680213],[-118.89797289],
715,good,[37.63678734],[-118.89785872],
716,good,[37.63677257],[-118.89774455],
717,good,[37.63675781],[-118.89763038],
718,good,[37.63674305],[-118.89751621],
719,good,[37.63672829],[-118.89740204],
720,good,[37.63671353],[-118.89728787],
721,good,[37.63669876],[-118.8971737],
722,good,[37.63668395],[-118.89705954],
723,good,[37.63666913],[-118.89694538],
724,good,[37.63665429],[-118.89683122],
725,good,[37.63663942],[-118.89671707],
726,good,[37.63662455],[-118.89660292],
727,good,[37.63660967],[-118.89648878],
728,good,[37.63659479],[-118.89637463],
729,good,[37.63657992],[-118.89626048],
730,good,[37.63656498],[-118.89614635],
731,good,[37.63655002],[-118.89603222],
732,good,[37.63653506],[-118.89591809],
733,good,[37.63652016],[-118.89580394],
734,good,[37.63650526],[-118.8956898],
735,good,[37.63649037],[-118.89557566],
736,good,[37.63647556],[-118.8954615],
737,good,[37.63646074],[-118.89534734],
738,good,[37.63644593],[-118.89523318],
739,good,[37.63643111],[-118.89511902],
740,good,[37.6364163],[-118.89500486],
741,good,[37.63640148],[-118.8948907],
742,good,[37.63638667],[-118.89477654],
743,good,[37.63637185],[-118.89466238],
744,good,[37.63635704],[-118.89454822],
745,good,[37.63634222],[-118.89443406],
746,good,[37.63632741],[-118.8943199],
747,good,[37.63631256],[-118.89420575],
748,good,[37.6362977],[-118.89409159],
749,good,[37.6362828],[-118.89397745],
750,good,[37.63626763],[-118.89386337],
751,good,[37.63625246],[-118.89374928],
752,good,[37.6362373],[-118.8936352],
753,good,[37.63622213],[-118.89352111],
754,good,[37.63620696],[-118.89340702],
755,good,[37.63619245],[-118.8932928],
756,good,[37.63617843],[-118.89317849],
757,good,[37.6361644],[-118.89306417],
758,good,[37.63614955],[-118.89295002],
759,good,[37.63613439],[-118.89283593],
760,good,[37.63611924],[-118.89272185],
761,good,[37.63610406],[-118.89260776],
762,good,[37.63608888],[-118.89249368],
763,good,[37.6360737],[-118.8923796],
764,good,[37.63605852],[-118.89226551],
765,good,[37.63604334],[-118.89215143],
766,good,[37.63602816],[-118.89203735],
767,good,[37.63601298],[-118.89192326],
768,good,[37.63599779],[-118.89180918],
769,good,[37.63598261],[-118.8916951],
770,good,[37.63596741],[-118.89158102],
771,good,[37.63595221],[-118.89146694],
772,good,[37.63593701],[-118.89135286],
773,good,[37.63592181],[-118.89123878],
774,good,[37.6359066],[-118.8911247],
775,good,[37.63589139],[-118.89101063],
776,good,[37.63587619],[-118.89089655],
777,good,[37.63586098],[-118.89078247],
778,good,[37.63584577],[-118.89066839],
779,good,[37.63583057],[-118.89055432],
780,good,[37.63581536],[-118.89044024],
781,good,[37.63580016],[-118.89032616],
792,good,[37.63578495],[-118.89021208],
793,good,[37.63576974],[-118.89009801],
794,good,[37.63575454],[-118.88998393],
795,good,[37.63573933],[-118.88986985],
796,good,[37.63572412],[-118.88975577],
797,good,[37.63570892],[-118.8896417],
798,good,[37.63569371],[-118.88952762],
799,good,[37.63567774],[-118.88941371],
800,good,[37.63566124],[-118.88929992],
801,good,[37.63564474],[-118.88918614],
802,good,[37.63562642],[-118.8890728],
803,good,[37.63560751],[-118.88895961],
804,good,[37.6355886],[-118.88884642],
805,good,[37.63556919],[-118.88873336],
806,good,[37.63554974],[-118.8886203],
807,good,[37.63553027],[-118.88850726],
808,good,[37.6355106],[-118.88839427],
809,good,[37.63549092],[-118.88828128],
810,good,[37.63547092],[-118.88816838],
811,good,[37.63544983],[-118.8880558],
812,good,[37.63542873],[-118.88794322],
813,good,[37.63540673],[-118.88783092],
814,good,[37.63538331],[-118.88771906],
815,good,[37.63535989],[-118.88760721],
816,good,[37.63533646],[-118.88749535],
817,good,[37.63531304],[-118.8873835],
818,good,[37.63528962],[-118.88727164],
819,good,[37.6352662],[-118.88715979],
820,good,[37.63524277],[-118.88704793],
821,good,[37.63521935],[-118.88693608],
822,good,[37.63519463],[-118.88682467],
823,good,[37.63516972],[-118.88671333],
824,good,[37.63514475],[-118.88660201],
825,good,[37.63511936],[-118.88649083],
826,good,[37.63509397],[-118.88637966],
827,good,[37.63506858],[-118.88626849],
828,good,[37.63504319],[-118.88615731],
829,good,[37.6350178],[-118.88604614],
830,good,[37.63499181],[-118.8859352],
831,good,[37.63496506],[-118.88582455],
832,good,[37.63493832],[-118.8857139],
833,good,[37.63491026],[-118.88560376],
834,good,[37.63488134],[-118.88549396],
835,good,[37.63485242],[-118.88538416],
836,good,[37.6348235],[-118.88527436],
837,good,[37.63479458],[-118.88516456],
838,good,[37.63476566],[-118.88505475],
839,good,[37.63473674],[-118.88494495],
840,good,[37.63470782],[-118.88483515],
841,good,[37.63467889],[-118.88472535],
842,good,[37.63464983],[-118.88461561],
843,good,[37.63462074],[-118.88450588],
844,good,[37.63459161],[-118.88439616],
845,good,[37.63456164],[-118.88428681],
846,good,[37.63453166],[-118.88417746],
847,good,[37.6345017],[-118.8840681],
848,good,[37.63447185],[-118.88395869],
849,good,[37.634442],[-118.88384928],
850,good,[37.63441215],[-118.88373988],
851,good,[37.6343823],[-118.88363047],
852,good,[37.63435245],[-118.88352106],
853,good,[37.63432259],[-118.88341166],
854,good,[37.63429268],[-118.88330228],
855,good,[37.63426278],[-118.88319289],
856,good,[37.63423287],[-118.88308351],
857,good,[37.63420293],[-118.88297414],
858,good,[37.634173],[-118.88286477],
859,good,[37.63414307],[-118.8827554],
860,good,[37.63411313],[-118.88264603],
861,good,[37.6340832],[-118.88253666],
862,good,[37.63405326],[-118.88242729],
863,good,[37.63402333],[-118.88231792],
864,good,[37.6339934],[-118.88220855],
865,good,[37.63396346],[-118.88209918],
866,good,[37.63393353],[-118.88198981],
867,good,[37.6339036],[-118.88188044],
868,good,[37.63387366],[-118.88177107],
869,good,[37.63384373],[-118.8816617],
870,good,[37.6338138],[-118.88155233],
871,good,[37.63378386],[-118.88144296],
872,good,[37.63375393],[-118.88133359],
873,good,[37.633724],[-118.88122422],
874,good,[37.63369406],[-118.88111485],
875,good,[37.63366413],[-118.88100548],
876,good,[37.6336342],[-118.88089611],
877,good,[37.63360426],[-118.88078674],
878,good,[37.63357433],[-118.88067737],
879,good,[37.6335444],[-118.88056799],
880,good,[37.63351446],[-118.88045862],
881,good,[37.63348453],[-118.88034925],
882,good,[37.6334546],[-118.88023988],
883,good,[37.63342466],[-118.88013052],
884,good,[37.63339471],[-118.88002115],
885,good,[37.63336477],[-118.87991178],
886,good,[37.63333475],[-118.87980245],
887,good,[37.63330466],[-118.87969315],
888,good,[37.63327456],[-118.87958385],
889,good,[37.63324459],[-118.8794745],
890,good,[37.63321469],[-118.87936511],
891,good,[37.63318479],[-118.87925573],
892,good,[37.63315492],[-118.87914633],
893,good,[37.63312506],[-118.87903693],
894,good,[37.6330952],[-118.87892753],
895,good,[37.63306535],[-118.87881813],
896,good,[37.63303549],[-118.87870873],
897,good,[37.63300563],[-118.87859932],
898,good,[37.63297576],[-118.87848993],
899,good,[37.63294589],[-118.87838053],
900,good,[37.63291603],[-118.87827113],
901,good,[37.63288614],[-118.87816174],
902,good,[37.63285625],[-118.87805235],
903,good,[37.63282636],[-118.87794297],
904,good,[37.63279647],[-118.87783358],
905,good,[37.63276658],[-118.87772419],
906,good,[37.63273669],[-118.8776148],
907,good,[37.6327068],[-118.87750541],
908,good,[37.63267692],[-118.87739603],
909,good,[37.63264822],[-118.87728626],
910,good,[37.63262228],[-118.87717562],
911,good,[37.63259635],[-118.87706497],
912,good,[37.63257378],[-118.87695332],
913,good,[37.63256052],[-118.87683886],
914,good,[37.63254726],[-118.87672441],
915,good,[37.63252981],[-118.87661122],
916,good,[37.6325067],[-118.87649975],
917,good,[37.6324836],[-118.87638827],
918,good,[37.63245608],[-118.87627813],
919,good,[37.63242652],[-118.8761686],
920,good,[37.63239695],[-118.87605907],
921,good,[37.63236732],[-118.87594958],
922,good,[37.63233766],[-118.87584009],
923,good,[37.63230801],[-118.8757306],
924,good,[37.63227836],[-118.87562111],
925,good,[37.6322487],[-118.87551162],
926,good,[37.63221905],[-118.87540213],
927,good,[37.6321894],[-118.87529265],
928,good,[37.63215974],[-118.87518316],
929,good,[37.63213009],[-118.87507367],
930,good,[37.63210044],[-118.87496418],
931,good,[37.63207078],[-118.87485469],
932,good,[37.63204113],[-118.8747452],
933,good,[37.63201148],[-118.87463572],
934,good,[37.63198182],[-118.87452623],
935,good,[37.63195217],[-118.87441674],
936,good,[37.63192252],[-118.87430725],
937,good,[37.63189286],[-118.87419776],
938,good,[37.63186313],[-118.87408831],
939,good,[37.63183332],[-118.87397889],
940,good,[37.63180351],[-118.87386947],
941,good,[37.63177359],[-118.87376009],
942,good,[37.63174363],[-118.87365074],
943,good,[37.63171366],[-118.87354139],
944,good,[37.63168018],[-118.87343407],
945,good,[37.63164595],[-118.87332719],
946,good,[37.63160937],[-118.8732221],
947,good,[37.63156203],[-118.87312517],
948,good,[37.6315147],[-118.87302824],
949,good,[37.63146736],[-118.87293131],
950,good,[37.63143307],[-118.87282505],
951,good,[37.63140308],[-118.8727157],
952,good,[37.6313731],[-118.87260636],
953,good,[37.63134311],[-118.87249702],
954,good,[37.63131312],[-118.87238768],
955,good,[37.63128314],[-118.87227833],
956,good,[37.63125315],[-118.87216899],
957,good,[37.63122316],[-118.87205965],
958,good,[37.63119318],[-118.8719503],
959,good,[37.63116319],[-118.87184096],
960,good,[37.6311332],[-118.87173162],
961,good,[37.63110322],[-118.87162227],
962,good,[37.63107323],[-118.87151293],
963,good,[37.63104324],[-118.87140359],
964,good,[37.63101326],[-118.87129424],
965,good,[37.63098327],[-118.8711849],
966,good,[37.63095328],[-118.87107556],
967,good,[37.6309233],[-118.87096621],
968,good,[37.63089331],[-118.87085687],
969,good,[37.63086332],[-118.87074753],
970,good,[37.63083334],[-118.87063819],
971,good,[37.63080335],[-118.87052884],
972,good,[37.63077336],[-118.8704195],
973,good,[37.63074338],[-118.87031016],
974,good,[37.63071339],[-118.87020081],
975,good,[37.6306834],[-118.87009147],
976,good,[37.63065342],[-118.86998213],
977,good,[37.63062343],[-118.86987278],
978,good,[37.63059344],[-118.86976344],
979,good,[37.63056346],[-118.8696541],
980,good,[37.63053347],[-118.86954475],
981,good,[37.63050348],[-118.86943541],
982,good,[37.6304735],[-118.86932607],
983,good,[37.63044351],[-118.86921672],
984,good,[37.63041356],[-118.86910736],
985,good,[37.63038371],[-118.86899796],
986,good,[37.63035386],[-118.86888856],
987,good,[37.63032407],[-118.86877913],
988,good,[37.63029436],[-118.86866967],
989,good,[37.63026465],[-118.86856021],
990,good,[37.63023494],[-118.86845075],
991,good,[37.63020523],[-118.86834129],
992,good,[37.63017552],[-118.86823183],
993,good,[37.63014581],[-118.86812237],
994,good,[37.6301161],[-118.86801291],
995,good,[37.63008639],[-118.86790344],
996,good,[37.63005668],[-118.86779398],
997,good,[37.63002697],[-118.86768452],
998,good,[37.62999726],[-118.86757506],
999,good,[37.62996756],[-118.8674656],
1000,good,[37.62993785],[-118.86735614],
1001,good,[37.62990814],[-118.86724668],
1002,good,[37.62987843],[-118.86713721],
1003,good,[37.62984872],[-118.86702775],
1004,good,[37.62981901],[-118.86691829],
1005,good,[37.6297893],[-118.86680883],
1006,good,[37.62975959],[-118.86669937],
1007,good,[37.62972986],[-118.86658992],
1008,good,[37.62970011],[-118.86648047],
1009,good,[37.62967036],[-118.86637103],
1017,good,[37.62964057],[-118.8662616],
1018,good,[37.62961075],[-118.86615219],
1019,good,[37.62958094],[-118.86604277],
1020,good,[37.62955112],[-118.86593336],
1021,good,[37.6295213],[-118.86582395],
1022,good,[37.62949148],[-118.86571453],
1023,good,[37.62946167],[-118.86560512],
1024,good,[37.62943185],[-118.8654957],
1025,good,[37.62940203],[-118.86538629],
1026,good,[37.62937221],[-118.86527688],
1027,good,[37.62934239],[-118.86516746],
1028,good,[37.62931258],[-118.86505805],
1029,good,[37.62928276],[-118.86494863],
1030,good,[37.62925294],[-118.86483922],
1031,good,[37.62922312],[-118.86472981],
1032,good,[37.62919319],[-118.86462044],
1033,good,[37.62916325],[-118.86451108],
1034,good,[37.62913331],[-118.86440172],
1035,good,[37.62910335],[-118.86429237],
1036,good,[37.62907339],[-118.86418302],
1037,good,[37.62904344],[-118.86407366],
1038,good,[37.62901355],[-118.86396428],
1039,good,[37.62898367],[-118.8638549],
1040,good,[37.62895378],[-118.86374551],
1041,good,[37.62892389],[-118.86363613],
1042,good,[37.62889401],[-118.86352675],
1043,good,[37.62886412],[-118.86341736],
1044,good,[37.62883424],[-118.86330798],
1045,good,[37.62880435],[-118.8631986],
1046,good,[37.62877447],[-118.86308921],
1047,good,[37.62874458],[-118.86297983],
1048,good,[37.62871469],[-118.86287045],
1049,good,[37.62868481],[-118.86276106],
1050,good,[37.62865492],[-118.86265168],
1051,good,[37.62862504],[-118.8625423],
1052,good,[37.62859515],[-118.86243291],
1053,good,[37.62856526],[-118.86232353],
1054,good,[37.62853538],[-118.86221415],
1055,good,[37.62850549],[-118.86210477],
1056,good,[37.62847561],[-118.86199538],
1057,good,[37.62844572],[-118.861886],
1058,good,[37.62841584],[-118.86177662],
1059,good,[37.62838595],[-118.86166723],
1060,good,[37.62835606],[-118.86155785],
1061,good,[37.62832618],[-118.86144847],
1062,good,[37.62829629],[-118.86133908],
1063,good,[37.62826641],[-118.8612297],
1064,good,[37.62823652],[-118.86112032],
1065,good,[37.62820663],[-118.86101093],
1066,good,[37.62817675],[-118.86090155],
1067,good,[37.62814686],[-118.86079217],
1068,good,[37.62811698],[-118.86068278],
1069,good,[37.62808709],[-118.8605734],
1070,good,[37.6280572],[-118.86046402],
1071,good,[37.62802732],[-118.86035463],
1072,good,[37.62799743],[-118.86024525],
1073,good,[37.62796755],[-118.86013587],
1074,good,[37.62793766],[-118.86002649],
1075,good,[37.62790778],[-118.8599171],
1076,good,[37.62787789],[-118.85980772],
1077,good,[37.62784802],[-118.85969833],
1078,good,[37.62781814],[-118.85958894],
1079,good,[37.62778827],[-118.85947956],
1080,good,[37.6277584],[-118.85937017],
1081,good,[37.62772853],[-118.85926078],
1082,good,[37.62769866],[-118.85915139],
1083,good,[37.62766879],[-118.859042],
1084,good,[37.62763892],[-118.85893261],
1085,good,[37.62760905],[-118.85882323],
1086,good,[37.62757918],[-118.85871384],
1087,good,[37.62754932],[-118.85860445],
1088,good,[37.62751945],[-118.85849506],
1089,good,[37.62748958],[-118.85838567],
1090,good,[37.62745971],[-118.85827628],
1091,good,[37.62742984],[-118.85816689],
1092,good,[37.62739997],[-118.85805751],
1093,good,[37.6273701],[-118.85794812],
1094,good,[37.62734023],[-118.85783873],
1095,good,[37.62731036],[-118.85772934],
1096,good,[37.62728049],[-118.85761995],
1097,good,[37.62725062],[-118.85751056],
1098,good,[37.62722075],[-118.85740117],
1099,good,[37.62719088],[-118.85729179],
1100,good,[37.62716101],[-118.8571824],
1101,good,[37.62713115],[-118.85707301],
1102,good,[37.62710128],[-118.85696362],
1103,good,[37.62707141],[-118.85685423],
1104,good,[37.62704154],[-118.85674484],
1105,good,[37.62701167],[-118.85663545],
1106,good,[37.6269818],[-118.85652606],
1107,good,[37.62695193],[-118.85641668],
1108,good,[37.62692206],[-118.85630729],
1109,good,[37.62689219],[-118.8561979],
1110,good,[37.62686232],[-118.85608851],
1111,good,[37.62683245],[-118.85597912],
1112,good,[37.62680258],[-118.85586973],
1113,good,[37.62677271],[-118.85576034],
1114,good,[37.62674284],[-118.85565096],
1115,good,[37.62671333],[-118.85554142],
1116,good,[37.62668383],[-118.85543187],
1117,good,[37.62665434],[-118.85532232],
1118,good,[37.62662495],[-118.85521273],
1119,good,[37.62659556],[-118.85510313],
1120,good,[37.62656614],[-118.85499355],
1121,good,[37.62653637],[-118.85488412],
1122,good,[37.6265066],[-118.8547747],
1123,good,[37.6264768],[-118.85466528],
1124,good,[37.62644682],[-118.85455594],
1125,good,[37.62641684],[-118.8544466],
1126,good,[37.62638685],[-118.85433727],
1127,good,[37.62635687],[-118.85422793],
1128,good,[37.62632689],[-118.85411859],
1129,good,[37.62629691],[-118.85400925],
1130,good,[37.62626693],[-118.85389991],
1131,good,[37.62623695],[-118.85379058],
1132,good,[37.62620696],[-118.85368124],
1133,good,[37.62617698],[-118.8535719],
1134,good,[37.626147],[-118.85346256],
1135,good,[37.62611702],[-118.85335322],
1136,good,[37.62608704],[-118.85324388],
1137,good,[37.62605705],[-118.85313455],
1138,good,[37.62602707],[-118.85302521],
1139,good,[37.62599709],[-118.85291587],
1140,good,[37.62596711],[-118.85280653],
1141,good,[37.62593713],[-118.85269719],
1142,good,[37.62590715],[-118.85258786],
1143,good,[37.62587716],[-118.85247852],
1144,good,[37.62584718],[-118.85236918],
1145,good,[37.6258172],[-118.85225984],
1146,good,[37.62578722],[-118.8521505],
1147,good,[37.62575724],[-118.85204117],
1148,good,[37.62572726],[-118.85193183],
1149,good,[37.62569727],[-118.85182249],
1150,good,[37.62566729],[-118.85171315],
1151,good,[37.62563731],[-118.85160381],
1152,good,[37.62560733],[-118.85149447],
1153,good,[37.62557735],[-118.85138514],
1154,good,[37.62554736],[-118.8512758],
1155,good,[37.62551738],[-118.85116646],
1156,good,[37.62548745],[-118.8510571],
1157,good,[37.62545755],[-118.85094773],
1158,good,[37.62542765],[-118.85083836],
1159,good,[37.62539777],[-118.85072898],
1160,good,[37.62536791],[-118.85061959],
1161,good,[37.62533805],[-118.8505102],
1162,good,[37.62530819],[-118.85040081],
1163,good,[37.62527833],[-118.85029142],
1164,good,[37.62524846],[-118.85018203],
1165,good,[37.6252186],[-118.85007264],
1166,good,[37.62518874],[-118.84996325],
1167,good,[37.62515888],[-118.84985387],
1168,good,[37.62512902],[-118.84974448],
1169,good,[37.62509915],[-118.84963509],
1170,good,[37.62506929],[-118.8495257],
1171,good,[37.62503943],[-118.84941631],
1172,good,[37.62500957],[-118.84930693],
1173,good,[37.6249797],[-118.84919754],
1174,good,[37.62494984],[-118.84908815],
1175,good,[37.62491998],[-118.84897876],
1176,good,[37.62489012],[-118.84886938],
1177,good,[37.62486025],[-118.84875999],
1178,good,[37.62483039],[-118.8486506],
1179,good,[37.62480053],[-118.84854121],
1180,good,[37.62477067],[-118.84843183],
1181,good,[37.6247408],[-118.84832244],
1182,good,[37.62471094],[-118.84821305],
1183,good,[37.62468108],[-118.84810366],
1184,good,[37.62465122],[-118.84799428],
1185,good,[37.62462135],[-118.84788489],
1186,good,[37.62459149],[-118.8477755],
1187,good,[37.62456163],[-118.84766611],
1188,good,[37.62453177],[-118.84755672],
1189,good,[37.62450191],[-118.84744734],
1190,good,[37.62447204],[-118.84733795],
1191,good,[37.62444218],[-118.84722856],
1192,good,[37.62441232],[-118.84711917],
1193,good,[37.62438246],[-118.84700979],
1194,good,[37.62435259],[-118.8469004],
1195,good,[37.62432273],[-118.84679101],
1196,good,[37.62429287],[-118.84668162],
1197,good,[37.62426301],[-118.84657224],
1198,good,[37.62423314],[-118.84646285],
1199,good,[37.62420328],[-118.84635346],
1200,good,[37.62417342],[-118.84624407],
1201,good,[37.62414356],[-118.84613469],
1202,good,[37.62411369],[-118.8460253],
1203,good,[37.62408383],[-118.84591591],
1204,good,[37.62405397],[-118.84580652],
1205,good,[37.62402411],[-118.84569713],
1206,good,[37.62399424],[-118.84558775],
1207,good,[37.62396435],[-118.84547838],
1208,good,[37.62393445],[-118.84536901],
1209,good,[37.62390455],[-118.84525964],
1210,good,[37.62387465],[-118.84515027],
1211,good,[37.62384474],[-118.8450409],
1229,good,[37.62381484],[-118.84493153],
1230,good,[37.62378494],[-118.84482216],
1231,good,[37.62375504],[-118.84471279],
1232,good,[37.62372514],[-118.84460342],
1233,good,[37.62369524],[-118.84449405],
1234,good,[37.62366533],[-118.84438468],
1235,good,[37.62363543],[-118.84427531],
1236,good,[37.62360553],[-118.84416594],
1237,good,[37.62357563],[-118.84405657],
1238,good,[37.62354573],[-118.8439472],
1239,good,[37.62351582],[-118.84383784],
1240,good,[37.62348592],[-118.84372847],
1241,good,[37.62345602],[-118.8436191],
1242,good,[37.62342612],[-118.84350973],
1243,good,[37.62339622],[-118.84340036],
1244,good,[37.62336632],[-118.84329099],
1245,good,[37.62333641],[-118.84318162],
1246,good,[37.62330651],[-118.84307225],
1247,good,[37.62327661],[-118.84296288],
1248,good,[37.62324671],[-118.84285351],
1249,good,[37.62321681],[-118.84274414],
1250,good,[37.6231869],[-118.84263478],
1251,good,[37.623157],[-118.84252541],
1252,good,[37.6231271],[-118.84241604],
1253,good,[37.6230972],[-118.84230667],
1254,good,[37.62306729],[-118.8421973],
1255,good,[37.62303739],[-118.84208794],
1256,good,[37.62300749],[-118.84197857],
1257,good,[37.62297759],[-118.8418692],
1258,good,[37.62294768],[-118.84175983],
1264,good,[37.62291778],[-118.84165047],
1265,good,[37.62288788],[-118.8415411],
1266,good,[37.62285798],[-118.84143173],
1267,good,[37.62282807],[-118.84132236],
1268,good,[37.62279817],[-118.84121299],
1269,good,[37.62276827],[-118.84110363],
1270,good,[37.62273808],[-118.84099438],
1271,good,[37.62270774],[-118.84088521],
1272,good,[37.6226774],[-118.84077604],
1273,good,[37.62264642],[-118.84066714],
1274,good,[37.62261519],[-118.84055837],
1275,good,[37.62258396],[-118.84044959],
1276,good,[37.62255273],[-118.84034081],
1277,good,[37.6225215],[-118.84023203],
1278,good,[37.62249027],[-118.84012325],
1279,good,[37.62245983],[-118.84001412],
1280,good,[37.62242946],[-118.83990496],
1281,good,[37.62239908],[-118.8397958],
1282,good,[37.62236898],[-118.83968652],
1283,good,[37.62233887],[-118.83957724],
1284,good,[37.62230879],[-118.83946795],
1285,good,[37.62227908],[-118.8393585],
1286,good,[37.62224937],[-118.83924905],
1287,good,[37.62221967],[-118.8391396],
1288,good,[37.62219004],[-118.83903012],
1289,good,[37.62216041],[-118.83892063],
1290,good,[37.62213077],[-118.83881115],
1291,good,[37.62210114],[-118.83870167],
1292,good,[37.62207151],[-118.83859219],
1293,good,[37.62204188],[-118.8384827],
1294,good,[37.62201225],[-118.83837322],
1295,good,[37.62198261],[-118.83826374],
1296,good,[37.62195298],[-118.83815426],
1297,good,[37.62192335],[-118.83804477],
1298,good,[37.62189372],[-118.83793529],
1299,good,[37.62186409],[-118.83782581],
1300,good,[37.62183445],[-118.83771633],
1301,good,[37.62180482],[-118.83760684],
1302,good,[37.62177519],[-118.83749736],
1303,good,[37.62174556],[-118.83738788],
1304,good,[37.62171593],[-118.8372784],
1305,good,[37.62168629],[-118.83716891],
1306,good,[37.62165666],[-118.83705943],
1307,good,[37.62162703],[-118.83694995],
1308,good,[37.6215974],[-118.83684047],
1309,good,[37.62156776],[-118.83673098],
1310,good,[37.62153813],[-118.8366215],
1311,good,[37.6215085],[-118.83651202],
1312,good,[37.62147887],[-118.83640254],
1313,good,[37.62144924],[-118.83629305],
1314,good,[37.62141958],[-118.83618358],
1315,good,[37.6213899],[-118.83607412],
1316,good,[37.62136022],[-118.83596466],
1317,good,[37.62133039],[-118.83585526],
1318,good,[37.62130037],[-118.83574595],
1319,good,[37.62127036],[-118.83563663],
1320,good,[37.62124034],[-118.83552731],
1321,good,[37.62121033],[-118.835418],
1322,good,[37.62118031],[-118.83530868],
1323,good,[37.6211503],[-118.83519936],
1324,good,[37.62112028],[-118.83509005],
1325,good,[37.62109027],[-118.83498073],
1326,good,[37.62106025],[-118.83487141],
1327,good,[37.62103024],[-118.8347621],
1328,good,[37.62100022],[-118.83465278],
1329,good,[37.62097021],[-118.83454346],
1330,good,[37.6209402],[-118.83443415],
1331,good,[37.62091018],[-118.83432483],
1332,good,[37.62088019],[-118.83421551],
1333,good,[37.6208502],[-118.83410618],
1334,good,[37.62082021],[-118.83399685],
1335,good,[37.62079038],[-118.83388745],
1336,good,[37.62076059],[-118.83377804],
1337,good,[37.6207308],[-118.83366863],
1338,good,[37.62070101],[-118.83355921],
1339,good,[37.62067122],[-118.8334498],
1340,good,[37.62064143],[-118.83334039],
1341,good,[37.62061164],[-118.83323098],
1342,good,[37.62058185],[-118.83312156],
1343,good,[37.62055206],[-118.83301215],
1344,good,[37.62052227],[-118.83290274],
1345,good,[37.62049248],[-118.83279332],
1346,good,[37.62046269],[-118.83268391],
1347,good,[37.6204329],[-118.8325745],
1348,good,[37.62040311],[-118.83246509],
1349,good,[37.62037332],[-118.83235567],
1350,good,[37.62034354],[-118.83224626],
1351,good,[37.62031375],[-118.83213685],
1352,good,[37.62028396],[-118.83202743],
1353,good,[37.62025417],[-118.83191802],
1354,good,[37.62022438],[-118.83180861],
1355,good,[37.62019459],[-118.8316992],
1356,good,[37.6201648],[-118.83158978],
1357,good,[37.62013501],[-118.83148037],
1358,good,[37.62010522],[-118.83137096],
1359,good,[37.62007543],[-118.83126154],
1360,good,[37.62004564],[-118.83115213],
1361,good,[37.62001585],[-118.83104272],
1362,good,[37.6199861],[-118.83093329],
1363,good,[37.61995635],[-118.83082386],
1364,good,[37.6199266],[-118.83071443],
1365,good,[37.61989685],[-118.830605],
1366,good,[37.6198671],[-118.83049557],
1367,good,[37.61983735],[-118.83038614],
1368,good,[37.6198076],[-118.83027671],
1369,good,[37.61977786],[-118.83016728],
1370,good,[37.61974811],[-118.83005785],
1371,good,[37.61971836],[-118.82994842],
1372,good,[37.61968861],[-118.82983899],
1373,good,[37.61965886],[-118.82972957],
1374,good,[37.61962911],[-118.82962014],
1375,good,[37.61959936],[-118.82951071],
1376,good,[37.61956961],[-118.82940128],
1377,good,[37.61953986],[-118.82929185],
1378,good,[37.61951011],[-118.82918242],
1379,good,[37.61948036],[-118.82907299],
1380,good,[37.61945061],[-118.82896357],
1381,good,[37.61942086],[-118.82885414],
1382,good,[37.61939111],[-118.82874471],
1383,good,[37.61936137],[-118.82863528],
1384,good,[37.61933162],[-118.82852585],
1385,good,[37.61930187],[-118.82841642],
1386,good,[37.61927212],[-118.82830699],
1387,good,[37.61924237],[-118.82819757],
1388,good,[37.61921262],[-118.82808814],
1389,good,[37.61918287],[-118.82797871],
1390,good,[37.61915312],[-118.82786928],
1391,good,[37.61912337],[-118.82775985],
1392,good,[37.61909362],[-118.82765042],
1393,good,[37.61906387],[-118.82754099],
1394,good,[37.61903412],[-118.82743157],
1395,good,[37.61900436],[-118.82732214],
1396,good,[37.6189746],[-118.82721272],
1397,good,[37.61894484],[-118.82710329],
1398,good,[37.61891508],[-118.82699387],
1399,good,[37.61888532],[-118.82688445],
1400,good,[37.61885556],[-118.82677502],
1401,good,[37.6188258],[-118.8266656],
1402,good,[37.61879604],[-118.82655618],
1403,good,[37.61876627],[-118.82644676],
1404,good,[37.61873657],[-118.82633731],
1405,good,[37.61870687],[-118.82622786],
1406,good,[37.61867717],[-118.82611841],
1407,good,[37.61864808],[-118.82600871],
1408,good,[37.61861905],[-118.82589897],
1409,good,[37.61859001],[-118.82578924],
1410,good,[37.61856098],[-118.82567951],
1411,good,[37.61853194],[-118.82556978],
1412,good,[37.61850281],[-118.8254601],
1413,good,[37.61847306],[-118.82535067],
1414,good,[37.61844332],[-118.82524125],
1415,good,[37.61841328],[-118.82513195],
1416,good,[37.61838257],[-118.82502295],
1417,good,[37.61835185],[-118.82491394],
1418,good,[37.61832114],[-118.82480494],
1419,good,[37.61829042],[-118.82469593],
1420,good,[37.61825971],[-118.82458693],
1421,good,[37.61822899],[-118.82447793],
1422,good,[37.61819827],[-118.82436892],
1423,good,[37.61816756],[-118.82425992],
1424,good,[37.61813684],[-118.82415091],
1425,good,[37.61810613],[-118.82404191],
1426,good,[37.61807541],[-118.82393291],
1427,good,[37.6180447],[-118.8238239],
1428,good,[37.61801398],[-118.8237149],
1429,good,[37.61798326],[-118.82360589],
1430,good,[37.61795255],[-118.82349689],
1431,good,[37.61792183],[-118.82338788],
1432,good,[37.61789112],[-118.82327888],
1433,good,[37.6178604],[-118.82316988],
1434,good,[37.61782969],[-118.82306087],
1435,good,[37.61779914],[-118.82295179],
1436,good,[37.61776877],[-118.82284264],
1437,good,[37.61773839],[-118.82273349],
1438,good,[37.61770819],[-118.82262425],
1439,good,[37.61767808],[-118.82251498],
1440,good,[37.61764797],[-118.82240572],
1441,good,[37.61761848],[-118.82229618],
1442,good,[37.61758912],[-118.8221866],
1443,good,[37.61755976],[-118.82207701],
1444,good,[37.61753099],[-118.82196717],
1445,good,[37.61750229],[-118.8218573],
1446,good,[37.61747366],[-118.82174741],
1447,good,[37.61744619],[-118.82163706],
1448,good,[37.61741872],[-118.82152672],
1449,good,[37.61739126],[-118.82141638],
1450,good,[37.61736379],[-118.82130604],
1451,good,[37.61733632],[-118.8211957],
1452,good,[37.61730885],[-118.82108535],
1453,good,[37.61728138],[-118.82097501],
1454,good,[37.61725392],[-118.82086467],
1455,good,[37.61722645],[-118.82075433],
1456,good,[37.61719898],[-118.82064399],
1457,good,[37.61717151],[-118.82053364],
1458,good,[37.6171451],[-118.82042323],
1459,good,[37.61711917],[-118.82031279],
1460,good,[37.61709324],[-118.82020235],
1461,good,[37.617076],[-118.82009008],
1462,good,[37.61707443],[-118.81997452],
1463,good,[37.61707285],[-118.81985895],
1464,good,[37.61705344],[-118.81974691],
1465,good,[37.61702683],[-118.81963629],
1466,good,[37.61700022],[-118.81952567],
1467,good,[37.6169731],[-118.81941518],
1468,good,[37.61694597],[-118.81930468],
1469,good,[37.61691882],[-118.8191942],
1470,good,[37.61689099],[-118.81908397],
1471,good,[37.61686317],[-118.81897375],
1472,good,[37.61683529],[-118.81886355],
1473,good,[37.61680722],[-118.81875343],
1474,good,[37.61677915],[-118.8186433],
1475,good,[37.61675112],[-118.81853316],
1476,good,[37.61672332],[-118.81842293],
1477,good,[37.61669553],[-118.8183127],
1478,good,[37.61666773],[-118.81820246],
1479,good,[37.61663993],[-118.81809223],
1480,good,[37.61661214],[-118.817982],
1481,good,[37.61658434],[-118.81787177],
1482,good,[37.61655654],[-118.81776153],
1483,good,[37.61652875],[-118.8176513],
1484,good,[37.61650095],[-118.81754107],
1485,good,[37.61647315],[-118.81743083],
1486,good,[37.61644535],[-118.8173206],
1487,good,[37.61641759],[-118.81721036],
1488,good,[37.61638994],[-118.81710006],
1489,good,[37.61636229],[-118.81698977],
1490,good,[37.61633464],[-118.81687948],
1491,good,[37.61630703],[-118.81676918],
1492,good,[37.61627941],[-118.81665887],
1493,good,[37.6162518],[-118.81654857],
1494,good,[37.61622418],[-118.81643826],
1495,good,[37.61619656],[-118.81632796],
1498,good,[37.61616895],[-118.81621766],
1499,good,[37.61614133],[-118.81610735],
1500,good,[37.61611372],[-118.81599705],
1501,good,[37.6160861],[-118.81588674],
1502,good,[37.61605848],[-118.81577644],
1503,good,[37.61603087],[-118.81566614],
1504,good,[37.61600325],[-118.81555583],
1505,good,[37.61597563],[-118.81544553],
1506,good,[37.61594802],[-118.81533522],
1507,good,[37.61591967],[-118.81522524],
1508,good,[37.6158912],[-118.81511531],
1509,good,[37.61586217],[-118.81500563],
1510,good,[37.61582919],[-118.81489768],
1511,good,[37.61579621],[-118.81478973],
1512,good,[37.61576313],[-118.81468183],
1513,good,[37.61572978],[-118.81457406],
1514,good,[37.61569644],[-118.81446628],
1515,good,[37.61566183],[-118.81435919],
1516,good,[37.61562614],[-118.81425268],
1517,good,[37.61559046],[-118.81414617],
1518,good,[37.61555182],[-118.81404127],
1519,good,[37.61551243],[-118.81393677],
1520,good,[37.61547305],[-118.81383227],
1521,good,[37.61543072],[-118.81372961],
1522,good,[37.61538827],[-118.81362703],
1523,good,[37.61534517],[-118.8135249],
1524,good,[37.61529971],[-118.81342438],
1525,good,[37.61525426],[-118.81332385],
1526,good,[37.61520741],[-118.81322438],
1527,good,[37.61515901],[-118.81312605],
1528,good,[37.61511062],[-118.81302773],
1529,good,[37.61506007],[-118.81293115],
1530,good,[37.61500874],[-118.81283521],
1531,good,[37.61495741],[-118.81273927],
1532,good,[37.61490355],[-118.81264556],
1533,good,[37.61484939],[-118.81255212],
1534,good,[37.61479482],[-118.81245906],
1535,good,[37.61473792],[-118.81236822],
1536,good,[37.61468103],[-118.81227737],
1537,good,[37.61462306],[-118.81218763],
1538,good,[37.61456352],[-118.81209951],
1539,good,[37.61450398],[-118.81201139],
1540,good,[37.61444276],[-118.81192513],
1541,good,[37.61438068],[-118.81183982],
1542,good,[37.61431853],[-118.81175459],
1543,good,[37.61425283],[-118.81167371],
1544,good,[37.61418712],[-118.81159283],
1545,good,[37.61412142],[-118.81151195],
1546,good,[37.61405571],[-118.81143107],
1547,good,[37.61399001],[-118.81135019],
1548,good,[37.61392243],[-118.81127183],
1549,good,[37.61385323],[-118.81119566],
1550,good,[37.61378402],[-118.8111195],
1551,good,[37.61371305],[-118.81104596],
1552,good,[37.61364161],[-118.81097312],
1553,good,[37.61357006],[-118.81090048],
1554,good,[37.6134962],[-118.81083167],
1555,good,[37.61342235],[-118.81076286],
1556,good,[37.61334135],[-118.81072138],
1557,good,[37.61325011],[-118.8107267],
1558,good,[37.61315991],[-118.8107375],
1559,good,[37.61307118],[-118.81072449],
1560,good,[37.61298245],[-118.81071148],
1561,good,[37.61289372],[-118.81069846],
1562,good,[37.61280499],[-118.81068545],
1563,good,[37.61271627],[-118.81067244],
1564,good,[37.61262754],[-118.81065943],
1565,good,[37.61253881],[-118.81064642],
1566,good,[37.61245214],[-118.81061504],
1567,good,[37.6123668],[-118.81057189],
1568,good,[37.61228146],[-118.81052874],
1569,good,[37.61219612],[-118.81048559],
1570,good,[37.61211078],[-118.81044244],
1571,good,[37.61202543],[-118.81039929],
1572,good,[37.61194634],[-118.81034246],
1573,good,[37.61186953],[-118.81028063],
1574,good,[37.61179273],[-118.81021881],
1575,good,[37.61171592],[-118.81015698],
1576,good,[37.61163911],[-118.81009515],
1577,good,[37.61156653],[-118.81002455],
1578,good,[37.61149479],[-118.80995221],
1579,good,[37.61142319],[-118.80987967],
1580,good,[37.6113529],[-118.80980507],
1581,good,[37.61128262],[-118.80973047],
1582,good,[37.61121273],[-118.8096553],
1583,good,[37.61114357],[-118.80957907],
1584,good,[37.61107441],[-118.80950283],
1585,good,[37.61100673],[-118.80942455],
1586,good,[37.61093967],[-118.8093454],
1587,good,[37.61087317],[-118.80926552],
1588,good,[37.61080833],[-118.80918351],
1589,good,[37.61074349],[-118.80910149],
1590,good,[37.61067225],[-118.80903017],
1591,good,[37.61059601],[-118.80897003],
1592,good,[37.61050554],[-118.80895081],
1593,good,[37.61041506],[-118.80893159],
1594,good,[37.6103276],[-118.80889824],
1595,good,[37.61024147],[-118.80885866],
1596,good,[37.61015535],[-118.80881907],
1597,good,[37.61006947],[-118.80877854],
1598,good,[37.60998483],[-118.80873331],
1599,good,[37.60990019],[-118.80868809],
1600,good,[37.60981473],[-118.80864574],
1601,good,[37.60972853],[-118.80860602],
1602,good,[37.60964233],[-118.8085663],
1603,good,[37.60955722],[-118.80852346],
1604,good,[37.60947668],[-118.8084676],
1605,good,[37.60939614],[-118.80841174],
1606,good,[37.60931559],[-118.80835588],
1607,good,[37.60923505],[-118.80830002],
1608,good,[37.60915451],[-118.80824416],
1609,good,[37.60907397],[-118.80818831],
1610,good,[37.60899343],[-118.80813245],
1612,good,[37.60891289],[-118.80807659],
1614,good,[37.60883235],[-118.80802073],
1615,good,[37.60875181],[-118.80796487],
1616,good,[37.60867127],[-118.80790901],
1617,good,[37.60859073],[-118.80785315],
1618,good,[37.60851019],[-118.80779729],
1619,good,[37.60842965],[-118.80774143],
1620,good,[37.60834911],[-118.80768557],
1621,good,[37.60826857],[-118.80762971],
1622,good,[37.60818803],[-118.80757385],
1623,good,[37.60810749],[-118.80751799],
1624,good,[37.60802601],[-118.80746446],
1625,good,[37.6079441],[-118.80741202],
1626,good,[37.6078618],[-118.80736053],
1627,good,[37.60777825],[-118.80731217],
1628,good,[37.60769469],[-118.8072638],
1629,good,[37.60761114],[-118.80721544],
1630,good,[37.60752759],[-118.80716708],
1637,good,[37.60744403],[-118.80711871],
1638,good,[37.60736048],[-118.80707035],
1639,good,[37.60727693],[-118.80702198],
1640,good,[37.60719337],[-118.80697363],
1641,good,[37.6071098],[-118.80692531],
1642,good,[37.60702623],[-118.80687699],
1643,good,[37.60694266],[-118.80682868],
1644,good,[37.60685909],[-118.80678038],
1645,good,[37.60677551],[-118.80673207],
1646,good,[37.60669194],[-118.80668376],
1647,good,[37.60660836],[-118.80663546],
1648,good,[37.60652479],[-118.80658714],
1649,good,[37.60644125],[-118.80653874],
1650,good,[37.60635771],[-118.80649034],
1651,good,[37.60627423],[-118.8064418],
1652,good,[37.60619078],[-118.80639314],
1653,good,[37.60610734],[-118.80634449],
1654,good,[37.60602389],[-118.80629583],
1655,good,[37.60594045],[-118.80624717],
1656,good,[37.605857],[-118.80619851],
1657,good,[37.60577356],[-118.80614985],
1658,good,[37.60569011],[-118.8061012],
1659,good,[37.60560667],[-118.80605254],
1660,good,[37.60552322],[-118.80600388],
1661,good,[37.60543979],[-118.80595519],
1662,good,[37.60535665],[-118.80590572],
1663,good,[37.60527351],[-118.80585626],
1664,good,[37.60519048],[-118.80580649],
1665,good,[37.60510772],[-118.80575604],
1666,good,[37.60502495],[-118.80570559],
1667,good,[37.60494307],[-118.80565294],
1668,good,[37.60486148],[-118.80559957],
1669,good,[37.60477995],[-118.80554604],
1670,good,[37.60469895],[-118.80549128],
1671,good,[37.60461794],[-118.80543652],
1672,good,[37.60453749],[-118.80538051],
1673,good,[37.60445766],[-118.80532304],
1674,good,[37.60437784],[-118.80526558],
1675,good,[37.60429888],[-118.8052063],
1676,good,[37.60422],[-118.80514686],
1677,good,[37.6041413],[-118.80508702],
1678,good,[37.6040631],[-118.80502615],
1679,good,[37.60398489],[-118.80496528],
1680,good,[37.60390785],[-118.80490213],
1681,good,[37.60383125],[-118.80483812],
1682,good,[37.6037547],[-118.80477401],
1683,good,[37.60367881],[-118.80470871],
1684,good,[37.60360291],[-118.80464341],
1685,good,[37.60352754],[-118.80457716],
1686,good,[37.60345284],[-118.80450969],
1687,good,[37.60337814],[-118.80444222],
1688,good,[37.60330458],[-118.80437282],
1689,good,[37.60323117],[-118.80430319],
1690,good,[37.60315797],[-118.80423317],
1691,good,[37.60308521],[-118.80416244],
1692,good,[37.60301244],[-118.80409171],
1693,good,[37.60294033],[-118.80401994],
1694,good,[37.60286849],[-118.80394774],
1695,good,[37.60279665],[-118.80387553],
1696,good,[37.60272481],[-118.80380332],
1697,good,[37.60265297],[-118.80373111],
1716,good,[37.60258113],[-118.8036589],
1717,good,[37.60250928],[-118.80358669],
1718,good,[37.60243744],[-118.80351448],
1719,good,[37.6023656],[-118.80344228],
1720,good,[37.60229376],[-118.80337007],
1721,good,[37.60222192],[-118.80329786],
1722,good,[37.60215008],[-118.80322565],
1723,good,[37.60207824],[-118.80315344],
1724,good,[37.6020064],[-118.80308123],
1725,good,[37.60193456],[-118.80300903],
1726,good,[37.60186272],[-118.80293682],
1727,good,[37.60179088],[-118.80286461],
1728,good,[37.60171904],[-118.8027924],
1729,good,[37.60164749],[-118.80271977],
1730,good,[37.60157718],[-118.80264534],
1731,good,[37.60149788],[-118.8026114],
1732,good,[37.60140638],[-118.80262279],
1733,good,[37.6013148],[-118.80262973],
1734,good,[37.60122858],[-118.80266499],
1735,good,[37.60115025],[-118.8027255],
1736,good,[37.60107105],[-118.80278366],
1737,good,[37.60098581],[-118.80282632],
1738,good,[37.60089642],[-118.80285263],
1739,good,[37.60080479],[-118.80285981],
1740,good,[37.60071334],[-118.80284991],
1741,good,[37.60062422],[-118.80282242],
1742,good,[37.60053918],[-118.80277898],
1743,good,[37.60046079],[-118.80271881],
1744,good,[37.60038871],[-118.8026472],
1745,good,[37.60031793],[-118.80257336],
1746,good,[37.60024728],[-118.80249934],
1747,good,[37.60017662],[-118.80242531],
1748,good,[37.60010596],[-118.80235129],
1749,good,[37.6000353],[-118.80227727],
1750,good,[37.59996464],[-118.80220324],
1751,good,[37.59989398],[-118.80212922],
1752,good,[37.59982332],[-118.80205519],
1753,good,[37.59975266],[-118.80198117],
1754,good,[37.599682],[-118.80190715],
1755,good,[37.59961134],[-118.80183312],
1756,good,[37.59954068],[-118.8017591],
1757,good,[37.59947002],[-118.80168508],
1758,good,[37.59939936],[-118.80161105],
1759,good,[37.5993287],[-118.80153703],
1760,good,[37.59925804],[-118.801463],
1761,good,[37.59918738],[-118.80138898],
1762,good,[37.59911672],[-118.80131496],
1763,good,[37.59904513],[-118.80124247],
1764,good,[37.59897162],[-118.80117347],
1765,good,[37.59889633],[-118.80110776],
1766,good,[37.59882451],[-118.8010358],
1767,good,[37.59875384],[-118.80096179],
1768,good,[37.59868305],[-118.80088797],
1769,good,[37.59861218],[-118.80081427],
1770,good,[37.5985412],[-118.80074073],
1771,good,[37.59847022],[-118.80066719],
1772,good,[37.59839925],[-118.80059364],
1773,good,[37.59832827],[-118.8005201],
1774,good,[37.59825729],[-118.80044656],
1775,good,[37.59818632],[-118.80037302],
1776,good,[37.59811534],[-118.80029948],
1777,good,[37.59804436],[-118.80022594],
1778,good,[37.59797339],[-118.8001524],
1779,good,[37.59790241],[-118.80007886],
1780,good,[37.59783143],[-118.80000531],
1781,good,[37.59776046],[-118.79993177],
1782,good,[37.59768948],[-118.79985823],
1783,good,[37.59761851],[-118.79978469],
1784,good,[37.59754753],[-118.79971115],
1785,good,[37.59747655],[-118.79963761],
1786,good,[37.59740558],[-118.79956407],
1787,good,[37.5973346],[-118.79949052],
1788,good,[37.59726362],[-118.79941698],
1789,good,[37.59719265],[-118.79934344],
1790,good,[37.5971217],[-118.79926985],
1791,good,[37.59705077],[-118.79919624],
1792,good,[37.59698001],[-118.79912238],
1793,good,[37.59690924],[-118.79904851],
1794,good,[37.59683848],[-118.79897465],
1795,good,[37.59676636],[-118.79890298],
1796,good,[37.59669192],[-118.7988351],
1797,good,[37.59661793],[-118.79876644],
1798,good,[37.59654461],[-118.79869664],
1799,good,[37.59647181],[-118.79862599],
1800,good,[37.59639999],[-118.79855378],
1801,good,[37.59632876],[-118.79848066],
1802,good,[37.59625845],[-118.79840613],
1803,good,[37.5961887],[-118.7983308],
1804,good,[37.59612005],[-118.79825386],
1805,good,[37.59605139],[-118.79817695],
1806,good,[37.59598264],[-118.79810018],
1807,good,[37.59591386],[-118.79802345],
1808,good,[37.59584382],[-118.7979485],
1809,good,[37.59577378],[-118.79787356],
1810,good,[37.59570374],[-118.79779861],
1811,good,[37.5956337],[-118.79772367],
1812,good,[37.59556366],[-118.79764872],
1813,good,[37.59549362],[-118.79757378],
1814,good,[37.59542337],[-118.79749915],
1815,good,[37.59535255],[-118.79742538],
1816,good,[37.59528174],[-118.7973516],
1817,good,[37.59521185],[-118.79727644],
1818,good,[37.59514196],[-118.79720127],
1819,good,[37.59507326],[-118.79712444],
1820,good,[37.59500547],[-118.79704632],
1821,good,[37.59493758],[-118.79696834],
1822,good,[37.59486929],[-118.79689089],
1823,good,[37.594801],[-118.79681343],
1824,good,[37.59473331],[-118.79673516],
1825,good,[37.5946657],[-118.79665677],
1826,good,[37.59459832],[-118.79657807],
1827,good,[37.59453126],[-118.79649895],
1828,good,[37.5944642],[-118.79641982],
1829,good,[37.59439719],[-118.79634063],
1830,good,[37.59433017],[-118.79626144],
1831,good,[37.59426311],[-118.79618232],
1832,good,[37.59419601],[-118.79610325],
1833,good,[37.59412892],[-118.79602416],
1834,good,[37.59406184],[-118.79594506],
1835,good,[37.59399476],[-118.79586595],
1836,good,[37.59392768],[-118.79578685],
1837,good,[37.5938606],[-118.79570774],
1838,good,[37.59379352],[-118.79562864],
1839,good,[37.59372644],[-118.79554954],
1840,good,[37.59365936],[-118.79547043],
1841,good,[37.59359228],[-118.79539133],
1842,good,[37.5935252],[-118.79531223],
1843,good,[37.59345812],[-118.79523312],
1844,good,[37.59339104],[-118.79515402],
1845,good,[37.59332396],[-118.79507491],
1846,good,[37.59325688],[-118.79499581],
1847,good,[37.59318975],[-118.79491677],
1848,good,[37.59312261],[-118.79483775],
1849,good,[37.59305546],[-118.79475874],
1850,good,[37.59298831],[-118.79467973],
1851,good,[37.59292117],[-118.79460072],
1852,good,[37.59285402],[-118.7945217],
1853,good,[37.59278687],[-118.79444269],
1854,good,[37.59271972],[-118.79436368],
1855,good,[37.59265257],[-118.79428467],
1856,good,[37.59258542],[-118.79420566],
1857,good,[37.59251828],[-118.79412665],
1858,good,[37.59245113],[-118.79404764],
1859,good,[37.59238398],[-118.79396863],
1860,good,[37.59231683],[-118.79388962],
1861,good,[37.59224968],[-118.79381061],
1862,good,[37.59218253],[-118.7937316],
1863,good,[37.5921153],[-118.7936527],
1864,good,[37.59204805],[-118.79357383],
1865,good,[37.59198079],[-118.79349496],
1866,good,[37.59191354],[-118.7934161],
1867,good,[37.59184629],[-118.79333723],
1868,good,[37.59177903],[-118.79325836],
1869,good,[37.59171178],[-118.79317949],
1870,good,[37.59164453],[-118.79310062],
1871,good,[37.59157727],[-118.79302175],
1872,good,[37.59151002],[-118.79294288],
1873,good,[37.59144277],[-118.79286401],
1874,good,[37.59137552],[-118.79278515],
1875,good,[37.59130826],[-118.79270628],
1876,good,[37.59124101],[-118.79262741],
1877,good,[37.59117376],[-118.79254854],
1878,good,[37.5911065],[-118.79246967],
1879,good,[37.59103925],[-118.7923908],
1880,good,[37.590972],[-118.79231193],
1881,good,[37.59090474],[-118.79223307],
1882,good,[37.59083749],[-118.7921542],
1883,good,[37.59077061],[-118.79207484],
1884,good,[37.59070426],[-118.79199477],
1885,good,[37.59063832],[-118.79191418],
1886,good,[37.59057359],[-118.79183207],
1887,good,[37.59050902],[-118.79174975],
1888,good,[37.59044599],[-118.79166557],
1889,good,[37.59038296],[-118.79158139],
1890,good,[37.59032153],[-118.79149536],
1891,good,[37.5902602],[-118.79140923],
1892,good,[37.59020042],[-118.79132139],
1893,good,[37.59014083],[-118.79123334],
1894,good,[37.59008258],[-118.79114389],
1895,good,[37.59002481],[-118.79105393],
1896,good,[37.5899682],[-118.79096284],
1897,good,[37.58991242],[-118.79087092],
1898,good,[37.58985755],[-118.79077816],
1899,good,[37.58980391],[-118.79068424],
1900,good,[37.58975056],[-118.79059009],
1901,good,[37.58969795],[-118.79049526],
1902,good,[37.58964537],[-118.79040041],
1903,good,[37.58959301],[-118.79030537],
1904,good,[37.58954065],[-118.79021033],
1905,good,[37.58948829],[-118.79011529],
1906,good,[37.58943593],[-118.79002024],
1907,good,[37.58938357],[-118.7899252],
1908,good,[37.5893312],[-118.78983016],
1909,good,[37.58927884],[-118.78973512],
1910,good,[37.58922648],[-118.78964008],
1911,good,[37.58917412],[-118.78954504],
1912,good,[37.58912176],[-118.78945],
1913,good,[37.5890694],[-118.78935496],
1914,good,[37.58901703],[-118.78925991],
1915,good,[37.58896467],[-118.78916487],
1916,good,[37.58891231],[-118.78906983],
1917,good,[37.58885995],[-118.78897479],
1918,good,[37.58880759],[-118.78887975],
1919,good,[37.58875537],[-118.78878459],
1920,good,[37.58870354],[-118.78868909],
1921,good,[37.58865171],[-118.78859359],
1922,good,[37.58859988],[-118.78849809],
1923,good,[37.58854808],[-118.78840256],
1924,good,[37.58849637],[-118.78830696],
1925,good,[37.58844466],[-118.78821136],
1926,good,[37.58839296],[-118.78811575],
1927,good,[37.58834125],[-118.78802015],
1928,good,[37.58828954],[-118.78792454],
1929,good,[37.58823784],[-118.78782894],
1930,good,[37.58818613],[-118.78773333],
1931,good,[37.58813442],[-118.78763773],
1932,good,[37.58808272],[-118.78754212],
1933,good,[37.58803101],[-118.78744652],
1934,good,[37.5879793],[-118.78735091],
1935,good,[37.5879276],[-118.78725531],
1936,good,[37.58787589],[-118.78715971],
1937,good,[37.58782406],[-118.7870642],
1951,good,[37.58777208],[-118.78696883],
1952,good,[37.5877201],[-118.78687347],
1953,good,[37.58766811],[-118.7867781],
1954,good,[37.58761613],[-118.78668274],
1955,good,[37.58756414],[-118.78658738],
1956,good,[37.58751215],[-118.78649202],
1957,good,[37.58746016],[-118.78639665],
1958,good,[37.58740817],[-118.78630129],
1959,good,[37.58735619],[-118.78620593],
1960,good,[37.5873042],[-118.78611057],
1961,good,[37.58725221],[-118.7860152],
1962,good,[37.58720022],[-118.78591984],
1963,good,[37.58714823],[-118.78582448],
1964,good,[37.58709624],[-118.78572912],
1965,good,[37.58704426],[-118.78563376],
1966,good,[37.58699227],[-118.78553839],
1967,good,[37.58694028],[-118.78544303],
1968,good,[37.5868884],[-118.78534758],
1969,good,[37.58683676],[-118.78525192],
1970,good,[37.58678551],[-118.78515593],
