channel,status,latitude,longitude,elevation
1472,good,-43.820443823999994,169.068050387,
1473,good,-43.820421612,169.068085841,
1474,good,-43.8203994,169.068121295,
1475,good,-43.820377188,169.068156749,
1476,good,-43.820354976000004,169.068192203,
1477,good,-43.82033276375,169.06822765625,
1478,good,-43.82031055125,169.06826310875,
1479,good,-43.82028833875,169.06829856125,
1480,good,-43.82026612625,169.06833401375,
1481,good,-43.820243913,169.068369467,
1482,good,-43.820221699,169.068404921,
1483,good,-43.820199485,169.068440375,
1484,good,-43.820177271,169.068475829,
1485,good,-43.820155057,169.068511283,
1486,good,-43.82013284375,169.06854673625,
1487,good,-43.82011063125,169.06858218874999,
1488,good,-43.82008841875,169.06861764125,
1489,good,-43.82006620625,169.06865309375,
1490,good,-43.820043993,169.068688547,
1491,good,-43.820021779,169.068724001,
1492,good,-43.819999565,169.068759455,
1493,good,-43.819977351,169.068794909,
1494,good,-43.819955137,169.068830363,
1495,good,-43.81993292375,169.06886581625,
1496,good,-43.81991071125,169.06890126874998,
1497,good,-43.81988849875,169.06893672125,
1498,good,-43.81986628625,169.06897217374998,
1499,good,-43.819844073,169.069007627,
1500,good,-43.819821859,169.069043081,
1501,good,-43.819799645,169.069078535,
1502,good,-43.819777431,169.069113989,
1503,good,-43.819755217,169.069149443,
1504,good,-43.819733003,169.069184896,
1505,good,-43.819710789,169.069220348,
1506,good,-43.819688575,169.0692558,
1507,good,-43.819666361,169.069291252,
1508,good,-43.819644147,169.069326704,
1509,good,-43.819621934,169.069362156,
1510,good,-43.819599722,169.069397608,
1511,good,-43.81957751,169.06943306,
1512,good,-43.819555298,169.069468512,
1513,good,-43.819533086,169.06950396399998,
1514,good,-43.819510873,169.069539417,
1515,good,-43.819488659,169.069574871,
1516,good,-43.819466445,169.06961032499999,
1517,good,-43.819444231,169.069645779,
1518,good,-43.819422017,169.069681233,
1519,good,-43.8193998025,169.06971668625002,
1520,good,-43.8193775875,169.06975213875,
1521,good,-43.8193553725,169.06978759125002,
1522,good,-43.8193331575,169.06982304375,
1523,good,-43.819310943999994,169.06985849600002,
1524,good,-43.819288732,169.06989394800001,
1525,good,-43.81926652,169.0699294,
1526,good,-43.819244308,169.069964852,
1527,good,-43.819222096000004,169.070000304,
1528,good,-43.819199883,169.070035756,
1529,good,-43.819177669,169.070071208,
1530,good,-43.819155455,169.07010666,
1531,good,-43.819133241,169.07014211199998,
1532,good,-43.819111027,169.07017756399998,
1533,good,-43.819088813,169.070213016,
1534,good,-43.819066598999996,169.070248468,
1535,good,-43.819044385,169.07028392,
1536,good,-43.819022171,169.070319372,
1537,good,-43.818999956999996,169.070354824,
1538,good,-43.818977743,169.070390276,
1539,good,-43.818955529,169.070425728,
1540,good,-43.818933314999995,169.07046118,
1541,good,-43.818911101,169.070496632,
1542,good,-43.818888887,169.07053208399998,
1543,good,-43.818866673,169.070567536,
1544,good,-43.818844459,169.070602988,
1545,good,-43.818822245,169.07063843999998,
1546,good,-43.818800031,169.070673892,
1547,good,-43.818777817,169.070709344,
1548,good,-43.8187556025,169.070744795,
1549,good,-43.8187333875,169.070780245,
1550,good,-43.8187111725,169.070815695,
1551,good,-43.8186889575,169.070851145,
1552,good,-43.81866674375,169.07088659625,
1553,good,-43.81864453125,169.07092204875,
1554,good,-43.81862231875,169.07095750125,
1555,good,-43.81860010625,169.07099295375,
1556,good,-43.8185778925,169.07102840625,
1557,good,-43.8185556775,169.07106385875,
1558,bad,,,
1559,bad,,,
1560,bad,,,
1561,bad,,,
1562,bad,,,
1563,bad,,,
1564,bad,,,
1565,bad,,,
1566,bad,,,
1567,bad,,,
1568,bad,,,
1569,bad,,,
1570,good,-43.8185334625,169.07109931125,
1571,good,-43.8185112475,169.07113476375,
1572,good,-43.81848903333333,169.071170215,
1573,good,-43.81846682,169.071205665,
1574,good,-43.81844460666667,169.07124111500002,
1575,good,-43.81842239333333,169.07127656666668,
1576,good,-43.81840018,169.07131202,
1577,good,-43.81837796666667,169.07134747333333,
1578,good,-43.8183557525,169.071382925,
1579,good,-43.8183335375,169.071418375,
1580,good,-43.81831132,169.071453825,
1581,good,-43.818289105,169.071489275,
1582,good,-43.818266495,169.07152644,
1583,good,-43.81824348,169.071565325,
1584,good,-43.818220464999996,169.0716042125,
1585,good,-43.818197455,169.0716430975,
1586,good,-43.818174445,169.07168198,
1587,good,-43.818151433333334,169.07172086166668,
1588,good,-43.81812842,169.071759745,
1589,good,-43.81810540666667,169.07179862833334,
1590,good,-43.8180823925,169.0718375125,
1591,good,-43.8180593775,169.0718763975,
1592,good,-43.818036363333334,169.07191528333334,
1593,good,-43.81801335,169.07195417,
1594,good,-43.81799033666667,169.07199305666666,
1595,good,-43.817967323333335,169.07203194166667,
1596,good,-43.81794431,169.072070825,
1597,good,-43.81792129666667,169.07210970833333,
1598,good,-43.817898283750004,169.07214859125,
1599,good,-43.81787527125,169.07218747375,
1600,good,-43.81785225875,169.07222635624998,
1601,good,-43.81782924625,169.07226523875,
1602,good,-43.817806233750005,169.0723041225,
1603,good,-43.817783221250004,169.0723430075,
1604,good,-43.81776020875,169.0723818925,
1605,good,-43.81773719625,169.0724207775,
1606,good,-43.81771418333334,169.07245966166667,
1607,good,-43.81769117,169.072498545,
1608,good,-43.81766815666667,169.07253742833333,
1609,good,-43.81764514375,169.07257631125,
1610,good,-43.81762213125,169.07261519375,
1611,good,-43.817599118749996,169.07265407625,
1612,good,-43.817576106249994,169.07269295875,
1613,good,-43.817553092999994,169.072731842,
1614,good,-43.817530078999994,169.072770726,
1615,good,-43.817507065,169.07280960999998,
1616,good,-43.817484050999994,169.072848494,
1617,good,-43.817461036999994,169.072887378,
1618,good,-43.81743802375,169.07292626125,
1619,good,-43.81741501125,169.07296514375,
1620,good,-43.81739199875,169.07300402624998,
1621,good,-43.817368986249996,169.07304290874998,
1622,good,-43.817345972999995,169.07308179199998,
1623,good,-43.817322958999995,169.073120676,
1624,good,-43.817299945,169.07315956,
1625,good,-43.817276930999995,169.07319844399998,
1626,good,-43.817253916999995,169.073237328,
1627,good,-43.81723090375,169.07327621125,
1628,good,-43.81720789125,169.07331509375,
1629,good,-43.81718487875,169.07335397625,
1630,good,-43.81716186625,169.07339285875,
1631,good,-43.817138852999996,169.073431742,
1632,good,-43.817115838999996,169.073470626,
1633,good,-43.817092825,169.07350951,
1634,good,-43.817069810999996,169.073548394,
1635,good,-43.817046796999996,169.073587278,
1636,good,-43.817023782999996,169.073626161,
1637,good,-43.817000768999996,169.07366504299998,
1638,good,-43.816977754999996,169.073703925,
1639,good,-43.816954740999996,169.073742807,
1640,good,-43.816931727,169.073781689,
1641,good,-43.81690871375,169.07382057125,
1642,good,-43.81688570125,169.07385945375,
1643,good,-43.81686268875,169.07389833624998,
1644,good,-43.81683967625,169.07393721875,
1645,good,-43.816816663,169.073976101,
1646,good,-43.816793649,169.07401498299998,
1647,good,-43.816770635,169.074053865,
1648,good,-43.816747621,169.074092747,
1649,good,-43.816724607,169.074131629,
1650,good,-43.816701593,169.074170512,
1651,good,-43.816678579,169.07420939600001,
1652,good,-43.816655565000005,169.07424828,
1653,good,-43.816632551,169.074287164,
1654,good,-43.816609537,169.07432604800002,
1655,good,-43.816586523750004,169.07436493,
1656,good,-43.81656351125,169.07440381,
1657,good,-43.81654049875,169.07444269,
1658,good,-43.81651748625,169.07448157000002,
1659,good,-43.816494472500004,169.07452045125,
1660,good,-43.8164714575,169.07455933375002,
1661,good,-43.816448442500004,169.07459821625,
1662,good,-43.8164254275,169.07463709875,
1663,good,-43.816402413,169.074675981,
1664,good,-43.816379399,169.074714863,
1665,good,-43.816356385000006,169.074753745,
1666,good,-43.816333371,169.07479262700002,
1667,good,-43.816310357,169.074831509,
1668,good,-43.816287343750005,169.07487039125002,
1669,good,-43.816264331250004,169.07490927375002,
1670,good,-43.81624131875,169.07494815625,
1671,good,-43.81621830625,169.07498703875,
1672,good,-43.816195292500005,169.07502592125002,
1673,good,-43.8161722775,169.07506480375002,
1674,good,-43.816149262500005,169.07510368625,
1675,good,-43.8161262475,169.07514256875,
1676,good,-43.816103233,169.07518145100002,
1677,good,-43.816080219,169.075220333,
1678,good,-43.816057205,169.07525921500002,
1679,good,-43.816034191,169.075298097,
1680,good,-43.816011177,169.07533697899999,
1681,good,-43.8159881625,169.07537586,
1682,good,-43.815965147499995,169.07541474,
1683,good,-43.8159421325,169.07545362000002,
1684,good,-43.815919117499995,169.07549250000002,
1685,good,-43.81589610375,169.07553138125002,
1686,good,-43.81587309125,169.07557026375002,
1687,good,-43.815850078749996,169.07560914625,
1688,good,-43.815827066249994,169.07564802875,
1689,good,-43.8158040525,169.07568691,
1690,good,-43.815781037499995,169.07572579,
1691,good,-43.8157580225,169.07576467,
1692,good,-43.815735007499995,169.07580355000002,
1693,good,-43.815711992999994,169.075842431,
1694,good,-43.815688978999994,169.075881313,
1695,good,-43.815665964999994,169.075920195,
1696,good,-43.815642950999994,169.07595907700002,
1697,good,-43.815619936999994,169.075997959,
1698,good,-43.8155969225,169.07603684,
1699,good,-43.815573907499996,169.07607572,
1700,good,-43.8155508925,169.0761146,
1701,good,-43.815527877499996,169.07615348000002,
1702,good,-43.8155048625,169.07619236,
1703,good,-43.815481847499996,169.07623124,
1704,good,-43.8154588325,169.07627012,
1705,good,-43.815435817499996,169.076309,
1706,good,-43.8154128025,169.07634788125,
1707,good,-43.815389787499996,169.07638676375,
1708,good,-43.8153667725,169.07642564625,
1709,good,-43.815343757499996,169.07646452875,
1710,good,-43.81532074333333,169.07650341000002,
1711,good,-43.81529773,169.07654229000002,
1712,good,-43.815274716666664,169.07658117,
1713,good,-43.8152517025,169.07662005,
1714,good,-43.815228687499996,169.07665893,
1715,good,-43.8152056725,169.07669781,
1716,good,-43.815182657499996,169.07673669000002,
1717,good,-43.8151596425,169.07677557,
1718,good,-43.815136627499996,169.07681445,
1719,good,-43.8151136125,169.07685333,
1720,good,-43.815090597499996,169.07689221,
1721,good,-43.8150675825,169.07693109,
1722,good,-43.815044567499996,169.07696997,
1723,good,-43.8150215525,169.07700885,
1724,good,-43.814998537499996,169.07704773,
1725,good,-43.81497552333333,169.07708660999998,
1726,good,-43.81495251,169.07712549000001,
1727,good,-43.814929496666664,169.07716437,
1728,good,-43.8149064825,169.07720325,
1729,good,-43.814883467499996,169.07724213,
1730,good,-43.8148604525,169.07728101,
1731,good,-43.814837437499996,169.07731989,
1732,good,-43.814814423,169.07735877,
1733,good,-43.814791408999994,169.07739765,
1734,good,-43.814768395,169.07743653,
1735,good,-43.814745380999994,169.07747541,
1736,good,-43.814722366999995,169.07751429,
1737,good,-43.8146993525,169.07755317,
1738,good,-43.814676337499996,169.07759205,
1739,good,-43.8146533225,169.07763093,
1740,good,-43.814630307499996,169.07766981,
1741,good,-43.8146072925,169.07770868999998,
1742,good,-43.814584277499996,169.07774757,
1743,good,-43.8145612625,169.07778645,
1744,good,-43.814538247499996,169.07782533000002,
1745,good,-43.8145152325,169.07786421,
1746,good,-43.814492217499996,169.07790309,
1747,good,-43.8144692025,169.07794197,
1748,good,-43.814446187499996,169.07798085000002,
1749,good,-43.8144231725,169.07801973,
1750,good,-43.814400157499996,169.07805861,
1751,good,-43.8143771425,169.07809749,
1752,good,-43.814354127499996,169.07813637,
1753,good,-43.814331112,169.078175249,
1754,good,-43.814308096,169.078214127,
1755,good,-43.81428508,169.078253005,
1756,good,-43.814262064,169.078291883,
1757,good,-43.814239048,169.078330761,
1758,good,-43.8142160325,169.07836963999998,
1759,good,-43.814193017499996,169.07840852,
1760,good,-43.8141700025,169.0784474,
1761,good,-43.814146987499996,169.07848628000002,
1762,good,-43.8141239725,169.07852516,
1763,good,-43.814100957499996,169.07856404,
1764,good,-43.8140779425,169.07860292,
1765,good,-43.814054927499996,169.0786418,
1766,good,-43.8140319125,169.07868067875,
1767,good,-43.814008897499995,169.07871955625,
1768,good,-43.8139858825,169.07875843374998,
1769,good,-43.813962867499995,169.07879731124999,
1770,good,-43.81393985125,169.07883618999998,
1771,good,-43.81391683375,169.07887507,
1772,good,-43.81389381625,169.07891395,
1773,good,-43.81387079875,169.07895283000002,
1774,good,-43.813847782500005,169.07899170875,
1775,good,-43.8138247675,169.07903058625,
1776,good,-43.813801752500005,169.07906946375,
1777,good,-43.8137787375,169.07910834125,
1778,good,-43.813755723,169.079147219,
1779,good,-43.813732709,169.079186097,
1780,good,-43.813709695,169.079224975,
1781,good,-43.813686681,169.07926385300001,
1782,good,-43.813663667,169.079302731,
1783,good,-43.81364065125,169.07934161,
1784,good,-43.81361763375,169.07938049,
1785,good,-43.81359461625,169.07941937,
1786,good,-43.81357159875,169.07945825000002,
1787,good,-43.813548582500005,169.07949712875,
1788,good,-43.8135255675,169.07953600625,
1789,good,-43.813502552500005,169.07957488374998,
1790,good,-43.8134795375,169.07961376125,
1791,good,-43.813456522500005,169.07965263875,
1792,good,-43.8134335075,169.07969151625,
1793,good,-43.813410492500005,169.07973039375,
1794,good,-43.8133874775,169.07976927125,
1795,good,-43.81336446125,169.07980815,
1796,good,-43.813341443750005,169.07984703,
1797,good,-43.81331842625,169.07988591,
1798,good,-43.81329540875,169.07992479,
1799,good,-43.813272392500004,169.07996366875,
1800,good,-43.8132493775,169.08000254625,
1801,good,-43.813226362500004,169.08004142375,
1802,good,-43.8132033475,169.08008030125,
1803,good,-43.8131803325,169.08011917875,
1804,good,-43.8131573175,169.08015805625,
1805,good,-43.8131343025,169.08019693375,
1806,good,-43.8131112875,169.08023581125,
1807,good,-43.813088272,169.080274689,
1808,good,-43.813065256,169.080313567,
1809,good,-43.81304224,169.08035244500002,
1810,good,-43.813019224,169.08039132300001,
1811,good,-43.812996208,169.080430201,
1812,good,-43.81297319125,169.08046907875,
1813,good,-43.812950173750004,169.08050795625002,
1814,good,-43.81292715625,169.08054683375,
1815,good,-43.81290413875,169.08058571125,
1816,good,-43.8128811225,169.08062458875,
1817,good,-43.8128581075,169.08066346625,
1818,good,-43.8128350925,169.08070234375,
1819,good,-43.8128120775,169.08074122125,
1820,good,-43.8127890625,169.08078009875,
1821,good,-43.8127660475,169.08081897625001,
1822,good,-43.8127430325,169.08085785375,
1823,good,-43.8127200175,169.08089673125,
1824,good,-43.81269700166667,169.08093560833333,
1825,good,-43.812673985,169.080974485,
1826,good,-43.81265096833334,169.08101336166666,
1827,good,-43.81262795125,169.08105223875,
1828,good,-43.81260493375,169.08109111625,
1829,good,-43.81258191625,169.08112999374998,
1830,good,-43.81255889875,169.08116887125,
1831,good,-43.8125358825,169.08120774875,
1832,good,-43.8125128675,169.08124662625,
1833,good,-43.8124898525,169.08128550375,
1834,good,-43.8124668375,169.08132438125,
1835,good,-43.81244382125,169.08136325750002,
1836,good,-43.81242080375,169.08140213250002,
1837,good,-43.812397786249996,169.08144100750002,
1838,good,-43.81237476875,169.08147988250002,
1839,good,-43.81235175166667,169.08151875833335,
1840,good,-43.812328734999994,169.08155763500002,
1841,good,-43.812305718333334,169.08159651166667,
1842,good,-43.81228270166667,169.08163538833335,
1843,good,-43.812259685,169.081674265,
1844,good,-43.812236668333334,169.08171314166665,
1845,good,-43.8122136525,169.08175201875,
1846,good,-43.812190637499995,169.08179089625,
1847,good,-43.8121676225,169.08182977375,
1848,good,-43.812144607499995,169.08186865125,
1849,good,-43.81212159166667,169.08190752833335,
1850,good,-43.81209857499999,169.081946405,
1851,good,-43.81207555833333,169.08198528166665,
1852,good,-43.81205254125,169.08202415749997,
1853,good,-43.81202952375,169.0820630325,
1854,good,-43.81200650625,169.08210190749998,
1855,good,-43.81198348875,169.0821407825,
1856,good,-43.81196047166667,169.08217965833333,
1857,good,-43.811937455000006,169.08221853499998,
1858,good,-43.81191443833334,169.08225741166666,
1859,good,-43.81189142166667,169.08229628833334,
1860,good,-43.811868405,169.08233516500002,
1861,good,-43.81184538833334,169.08237404166667,
1862,good,-43.811822372500004,169.08241291875,
1863,good,-43.8117993575,169.08245179625,
1864,good,-43.8117763425,169.08249067375,
1865,good,-43.8117533275,169.08252955125,
1866,good,-43.81173031166667,169.08256842666665,
1867,good,-43.811707295000005,169.0826073,
1868,good,-43.81168427833334,169.08264617333333,
1869,good,-43.81166126125,169.08268504875,
1870,good,-43.811638243750004,169.08272392625,
1871,good,-43.81161522625,169.08276280375,
